15
0,0
1/2,0
1,0
1/4,1/4
3/4,1/4
0,1/2
1/2,1/2
1,1/2
0,17177458506533561/25000000000000000
1,17177458506533561/25000000000000000
0,1
7822541493466439/25000000000000000,1
1/2,1
17177458506533561/25000000000000000,1
1,1
16
3 0 3 5
3 0 1 3
3 3 5 6
3 3 1 6
3 4 1 6
3 1 4 2
3 4 6 7
3 2 4 7
3 6 5 8
3 6 8 10
3 6 10 11
3 6 11 12
3 6 12 13
3 6 13 14
3 6 14 9
3 6 9 7
1/2,1/2
1/2,1
1/2,1/2
1/4,3/4
3/4,3/4
1/2,1
1/2,1/2
1/2,1
7822541493466439/25000000000000000,1
17177458506533561/25000000000000000,1
1/2,2718162824974067/2251799813685248
7822541493466439/25000000000000000,1
1/2,1
17177458506533561/25000000000000000,1
1/2,2718162824974067/2251799813685248
