1
2
3
4
11
12
38
39
40
41
5
6
7
8
9
98
103
1080
155
156
173
178
299
300
514
579
658
710
717
736
793
1145
1146
1164
1166
157
301
303
515
720
723
1104
1149
1168
304
733
1106
1151
1152
1155
1156
1171
1173
1178
1180
1186
1190
1195
1200
2094
2127
2540
2551
2573
2671
2803
305
306
307
308
309
310
311
312
313
314
735
738
740
742
745
747
2570
2791
2813
2815
315
316
2820
317
2821
318
2825
319
3748
2826
320
4080
2828
321
2830
322
4457
2832
2834
323
325
326
327
4915
4979
2565
2564
2563
329
330
331
334
335
336
337
338
339
340
341
342
5062
5149
5581
5808
5839
